COMMAND:

jayze.py --gen-primes 0 1000


OUTPUT:

2
3
5
7
11
13
17
19
23
29
31
37
41
43
47
53
59
61
67
71
73
79
83
89
97
101
103
107
109
113
127
131
137
139
149
151
157
163
167
173
179
181
191
193
197
199
211
223
227
229
233
239
241
251
257
263
269
271
277
281
283
293
307
311
313
317
331
337
347
349
353
359
367
373
379
383
389
397
401
409
419
421
431
433
439
443
449
457
461
463
467
479
487
491
499
503
509
521
523
541
547
557
563
569
571
577
587
593
599
601
607
613
617
619
631
641
643
647
653
659
661
673
677
683
691
701
709
719
727
733
739
743
751
757
761
769
773
787
797
809
811
821
823
827
829
839
853
857
859
863
877
881
883
887
907
911
919
929
937
941
947
953
967
971
977
983
991
997


===============================================================================


COMMAND:

jayze.py --gen-primes 0 1000 --eol " "


OUTPUT:

2 3 5 7 11 13 17 19 23 29 31 37 41 43 47 53 59 61 67 71 73 79 83 89 97 101 103 107 109 113 127 131 137 139 149 151 157 163 167 173 179 181 191 193 197 199 211 223 227 229 233 239 241 251 257 263 269 271 277 281 283 293 307 311 313 317 331 337 347 349 353 359 367 373 379 383 389 397 401 409 419 421 431 433 439 443 449 457 461 463 467 479 487 491 499 503 509 521 523 541 547 557 563 569 571 577 587 593 599 601 607 613 617 619 631 641 643 647 653 659 661 673 677 683 691 701 709 719 727 733 739 743 751 757 761 769 773 787 797 809 811 821 823 827 829 839 853 857 859 863 877 881 883 887 907 911 919 929 937 941 947 953 967 971 977 983 991 997


===============================================================================


COMMAND:

jayze.py --gen-primes 0 1000 --scinot


OUTPUT:

2.00000000e+00
3.00000000e+00
5.00000000e+00
7.00000000e+00
1.10000000e+01
1.30000000e+01
1.70000000e+01
1.90000000e+01
2.30000000e+01
2.90000000e+01
3.10000000e+01
3.70000000e+01
4.10000000e+01
4.30000000e+01
4.70000000e+01
5.30000000e+01
5.90000000e+01
6.10000000e+01
6.70000000e+01
7.10000000e+01
7.30000000e+01
7.90000000e+01
8.30000000e+01
8.90000000e+01
9.70000000e+01
1.01000000e+02
1.03000000e+02
1.07000000e+02
1.09000000e+02
1.13000000e+02
1.27000000e+02
1.31000000e+02
1.37000000e+02
1.39000000e+02
1.49000000e+02
1.51000000e+02
1.57000000e+02
1.63000000e+02
1.67000000e+02
1.73000000e+02
1.79000000e+02
1.81000000e+02
1.91000000e+02
1.93000000e+02
1.97000000e+02
1.99000000e+02
2.11000000e+02
2.23000000e+02
2.27000000e+02
2.29000000e+02
2.33000000e+02
2.39000000e+02
2.41000000e+02
2.51000000e+02
2.57000000e+02
2.63000000e+02
2.69000000e+02
2.71000000e+02
2.77000000e+02
2.81000000e+02
2.83000000e+02
2.93000000e+02
3.07000000e+02
3.11000000e+02
3.13000000e+02
3.17000000e+02
3.31000000e+02
3.37000000e+02
3.47000000e+02
3.49000000e+02
3.53000000e+02
3.59000000e+02
3.67000000e+02
3.73000000e+02
3.79000000e+02
3.83000000e+02
3.89000000e+02
3.97000000e+02
4.01000000e+02
4.09000000e+02
4.19000000e+02
4.21000000e+02
4.31000000e+02
4.33000000e+02
4.39000000e+02
4.43000000e+02
4.49000000e+02
4.57000000e+02
4.61000000e+02
4.63000000e+02
4.67000000e+02
4.79000000e+02
4.87000000e+02
4.91000000e+02
4.99000000e+02
5.03000000e+02
5.09000000e+02
5.21000000e+02
5.23000000e+02
5.41000000e+02
5.47000000e+02
5.57000000e+02
5.63000000e+02
5.69000000e+02
5.71000000e+02
5.77000000e+02
5.87000000e+02
5.93000000e+02
5.99000000e+02
6.01000000e+02
6.07000000e+02
6.13000000e+02
6.17000000e+02
6.19000000e+02
6.31000000e+02
6.41000000e+02
6.43000000e+02
6.47000000e+02
6.53000000e+02
6.59000000e+02
6.61000000e+02
6.73000000e+02
6.77000000e+02
6.83000000e+02
6.91000000e+02
7.01000000e+02
7.09000000e+02
7.19000000e+02
7.27000000e+02
7.33000000e+02
7.39000000e+02
7.43000000e+02
7.51000000e+02
7.57000000e+02
7.61000000e+02
7.69000000e+02
7.73000000e+02
7.87000000e+02
7.97000000e+02
8.09000000e+02
8.11000000e+02
8.21000000e+02
8.23000000e+02
8.27000000e+02
8.29000000e+02
8.39000000e+02
8.53000000e+02
8.57000000e+02
8.59000000e+02
8.63000000e+02
8.77000000e+02
8.81000000e+02
8.83000000e+02
8.87000000e+02
9.07000000e+02
9.11000000e+02
9.19000000e+02
9.29000000e+02
9.37000000e+02
9.41000000e+02
9.47000000e+02
9.53000000e+02
9.67000000e+02
9.71000000e+02
9.77000000e+02
9.83000000e+02
9.91000000e+02
9.97000000e+02


===============================================================================


COMMAND:

jayze.py --gen-primes 0 1000 --ascinot --prec 2


OUTPUT:

2
3
5
7
11
13
17
19
23
29
31
37
41
43
47
53
59
61
67
71
73
79
83
89
97
1e+02
1e+02
1.1e+02
1.1e+02
1.1e+02
1.3e+02
1.3e+02
1.4e+02
1.4e+02
1.5e+02
1.5e+02
1.6e+02
1.6e+02
1.7e+02
1.7e+02
1.8e+02
1.8e+02
1.9e+02
1.9e+02
2e+02
2e+02
2.1e+02
2.2e+02
2.3e+02
2.3e+02
2.3e+02
2.4e+02
2.4e+02
2.5e+02
2.6e+02
2.6e+02
2.7e+02
2.7e+02
2.8e+02
2.8e+02
2.8e+02
2.9e+02
3.1e+02
3.1e+02
3.1e+02
3.2e+02
3.3e+02
3.4e+02
3.5e+02
3.5e+02
3.5e+02
3.6e+02
3.7e+02
3.7e+02
3.8e+02
3.8e+02
3.9e+02
4e+02
4e+02
4.1e+02
4.2e+02
4.2e+02
4.3e+02
4.3e+02
4.4e+02
4.4e+02
4.5e+02
4.6e+02
4.6e+02
4.6e+02
4.7e+02
4.8e+02
4.9e+02
4.9e+02
5e+02
5e+02
5.1e+02
5.2e+02
5.2e+02
5.4e+02
5.5e+02
5.6e+02
5.6e+02
5.7e+02
5.7e+02
5.8e+02
5.9e+02
5.9e+02
6e+02
6e+02
6.1e+02
6.1e+02
6.2e+02
6.2e+02
6.3e+02
6.4e+02
6.4e+02
6.5e+02
6.5e+02
6.6e+02
6.6e+02
6.7e+02
6.8e+02
6.8e+02
6.9e+02
7e+02
7.1e+02
7.2e+02
7.3e+02
7.3e+02
7.4e+02
7.4e+02
7.5e+02
7.6e+02
7.6e+02
7.7e+02
7.7e+02
7.9e+02
8e+02
8.1e+02
8.1e+02
8.2e+02
8.2e+02
8.3e+02
8.3e+02
8.4e+02
8.5e+02
8.6e+02
8.6e+02
8.6e+02
8.8e+02
8.8e+02
8.8e+02
8.9e+02
9.1e+02
9.1e+02
9.2e+02
9.3e+02
9.4e+02
9.4e+02
9.5e+02
9.5e+02
9.7e+02
9.7e+02
9.8e+02
9.8e+02
9.9e+02
1e+03


===============================================================================

COMMAND:

jayze.py --gen-primes 0 1000 --sqrt


OUTPUT:

1.4142136
1.7320508
2.236068
2.6457513
3.3166248
3.6055513
4.1231056
4.3588989
4.7958315
5.3851648
5.5677644
6.0827625
6.4031242
6.5574385
6.8556546
7.2801099
7.6811457
7.8102497
8.1853528
8.4261498
8.5440037
8.8881944
9.1104336
9.4339811
9.8488578
10.049876
10.148892
10.34408
10.440307
10.630146
11.269428
11.445523
11.7047
11.789826
12.206556
12.288206
12.529964
12.767145
12.922848
13.152946
13.379088
13.453624
13.820275
13.892444
14.035669
14.106736
14.525839
14.933185
15.066519
15.132746
15.264338
15.459625
15.524175
15.84298
16.03122
16.217275
16.401219
16.462078
16.643317
16.763055
16.822604
17.117243
17.521415
17.635192
17.691806
17.804494
18.193405
18.35756
18.627936
18.681542
18.788294
18.947295
19.157244
19.313208
19.467922
19.570386
19.723083
19.924859
20.024984
20.223748
20.469489
20.518285
20.760539
20.808652
20.952327
21.047565
21.18962
21.377558
21.470911
21.517435
21.610183
21.886069
22.068076
22.15852
22.338308
22.427661
22.561028
22.825424
22.869193
23.259407
23.388031
23.600847
23.727621
23.853721
23.895606
24.020824
24.228083
24.351591
24.474477
24.515301
24.63737
24.758837
24.839485
24.879711
25.119713
25.317978
25.357445
25.436195
25.553865
25.670995
25.70992
25.942244
26.019224
26.134269
26.286879
26.476405
26.627054
26.814175
26.962938
27.073973
27.184554
27.258026
27.404379
27.513633
27.586228
27.730849
27.802878
28.05352
28.231188
28.442925
28.478062
28.653098
28.687977
28.757608
28.79236
28.965497
29.206164
29.274562
29.308702
29.376862
29.614186
29.681644
29.715316
29.782545
30.116441
30.182777
30.315013
30.479501
30.610456
30.675723
30.773365
30.870698
31.096624
31.160873
31.256999
31.352831
31.480152
31.575307
