COMMAND:

jayze.py --gen-fibonaccis 0 1000


OUTPUT:

0
1
1
2
3
5
8
13
21
34
55
89
144
233
377
610
987


===============================================================================


COMMAND:

jayze.py --gen-fibonaccis 0 1000 --eol " "


OUTPUT:

0 1 1 2 3 5 8 13 21 34 55 89 144 233 377 610 987


===============================================================================


COMMAND:

jayze.py --gen-fibonaccis 0 1000 --scinot


OUTPUT:

0.00000000e+00
1.00000000e+00
1.00000000e+00
2.00000000e+00
3.00000000e+00
5.00000000e+00
8.00000000e+00
1.30000000e+01
2.10000000e+01
3.40000000e+01
5.50000000e+01
8.90000000e+01
1.44000000e+02
2.33000000e+02
3.77000000e+02
6.10000000e+02
9.87000000e+02


===============================================================================


COMMAND:

jayze.py --gen-fibonaccis 0 1000 --ascinot --prec 2


OUTPUT:

0
1
1
2
3
5
8
13
21
34
55
89
1.4e+02
2.3e+02
3.8e+02
6.1e+02
9.9e+02


===============================================================================

COMMAND:

jayze.py --gen-fibonaccis 0 1000 --sqrt


OUTPUT:

0.00000000
1.00000000
1.00000000
1.41421356
1.73205081
2.23606798
2.82842712
3.60555128
4.58257569
5.83095189
7.41619849
9.43398113
12.00000000
15.26433752
19.41648784
24.69817807
31.41655614
