COMMAND:

jayze.py --gen-triangulars 0 1000


OUTPUT:

0
1
3
6
10
15
21
28
36
45
55
66
78
91
105
120
136
153
171
190
210
231
253
276
300
325
351
378
406
435
465
496
528
561
595
630
666
703
741
780
820
861
903
946
990


===============================================================================


COMMAND:

jayze.py --gen-triangulars 0 1000 --eol " "


OUTPUT:

0 1 3 6 10 15 21 28 36 45 55 66 78 91 105 120 136 153 171 190 210 231 253 276 300 325 351 378 406 435 465 496 528 561 595 630 666 703 741 780 820 861 903 946 990


===============================================================================


COMMAND:

jayze.py --gen-triangulars 0 1000 --scinot


OUTPUT:

0.00000000e+00
1.00000000e+00
3.00000000e+00
6.00000000e+00
1.00000000e+01
1.50000000e+01
2.10000000e+01
2.80000000e+01
3.60000000e+01
4.50000000e+01
5.50000000e+01
6.60000000e+01
7.80000000e+01
9.10000000e+01
1.05000000e+02
1.20000000e+02
1.36000000e+02
1.53000000e+02
1.71000000e+02
1.90000000e+02
2.10000000e+02
2.31000000e+02
2.53000000e+02
2.76000000e+02
3.00000000e+02
3.25000000e+02
3.51000000e+02
3.78000000e+02
4.06000000e+02
4.35000000e+02
4.65000000e+02
4.96000000e+02
5.28000000e+02
5.61000000e+02
5.95000000e+02
6.30000000e+02
6.66000000e+02
7.03000000e+02
7.41000000e+02
7.80000000e+02
8.20000000e+02
8.61000000e+02
9.03000000e+02
9.46000000e+02
9.90000000e+02


===============================================================================


COMMAND:

jayze.py --gen-triangulars 0 1000 --ascinot --prec 2


OUTPUT:

0
1
3
6
10
15
21
28
36
45
55
66
78
91
1.0e+02
1.2e+02
1.4e+02
1.5e+02
1.7e+02
1.9e+02
2.1e+02
2.3e+02
2.5e+02
2.8e+02
3e+02
3.2e+02
3.5e+02
3.8e+02
4.1e+02
4.4e+02
4.6e+02
5e+02
5.3e+02
5.6e+02
6e+02
6.3e+02
6.7e+02
7e+02
7.4e+02
7.8e+02
8.2e+02
8.6e+02
9e+02
9.5e+02
9.9e+02


===============================================================================

COMMAND:

jayze.py --gen-triangulars 0 1000 --sqrt


OUTPUT:

0.00000000
1.00000000
1.73205081
2.44948974
3.16227766
3.87298335
4.58257569
5.29150262
6.00000000
6.70820393
7.41619849
8.12403840
8.83176087
9.53939201
10.24695077
10.95445115
11.66190379
12.36931688
13.07669683
13.78404875
14.49137675
15.19868415
15.90597372
16.61324773
17.32050808
18.02775638
18.73499400
19.44222210
20.14944168
20.85665361
21.56385865
22.27105745
22.97825059
23.68543856
24.39262184
25.09980080
25.80697580
26.51414717
27.22131518
27.92848009
28.63564213
29.34280150
30.04995840
30.75711300
31.46426545
